arch: ([(1, 2), (0, 4), (1, 6), (0, 5), (3, 6), (2, 4), (4, 7), (1, 4)], [(0, 5), (1, 1), (1, 5), (2, 6), (0, 2), (1, 1), (4, 4), (3, 1)])
val_loss: 62.750533049040506

arch: ([(0, 3), (1, 4), (2, 7), (1, 4), (2, 4), (1, 3), (3, 6), (4, 7)], [(0, 7), (1, 2), (0, 4), (2, 4), (1, 7), (2, 4), (0, 1), (1, 6)])
val_loss: 60.53304904051173

arch: ([(0, 7), (1, 5), (0, 4), (1, 4), (3, 4), (1, 6), (3, 1), (1, 6)], [(1, 1), (0, 1), (1, 1), (0, 4), (2, 5), (3, 3), (3, 4), (4, 4)])
val_loss: 62.04690831556504

arch: ([(0, 3), (1, 5), (2, 5), (1, 7), (0, 2), (2, 6), (4, 4), (2, 5)], [(1, 4), (0, 4), (0, 2), (2, 7), (1, 5), (2, 7), (3, 3), (2, 1)])
val_loss: 59.55223880597015

arch: ([(1, 4), (0, 5), (1, 4), (0, 6), (2, 6), (1, 4), (0, 3), (3, 6)], [(1, 4), (0, 3), (1, 4), (2, 2), (1, 2), (3, 1), (1, 4), (2, 4)])
val_loss: 58.80597014925373

arch: ([(1, 3), (0, 7), (1, 4), (2, 6), (0, 6), (3, 4), (3, 7), (4, 4)], [(1, 2), (0, 5), (1, 5), (2, 1), (3, 0), (1, 1), (4, 2), (2, 1)])
val_loss: 61.44989339019189

arch: ([(1, 2), (0, 4), (1, 4), (2, 3), (3, 4), (0, 4), (2, 7), (3, 4)], [(0, 4), (1, 1), (2, 7), (1, 4), (0, 5), (3, 4), (3, 5), (1, 1)])
val_loss: 61.30063965884862

arch: ([(1, 7), (0, 5), (2, 2), (0, 4), (3, 4), (0, 7), (0, 4), (3, 3)], [(0, 5), (1, 1), (1, 3), (0, 4), (1, 4), (3, 5), (4, 1), (1, 1)])
val_loss: 61.04477611940299

arch: ([(0, 4), (1, 4), (1, 2), (0, 5), (1, 5), (3, 7), (3, 5), (1, 3)], [(0, 2), (1, 2), (1, 5), (0, 1), (0, 1), (3, 1), (0, 4), (4, 1)])
val_loss: 57.078891257995735

arch: ([(0, 5), (1, 4), (1, 6), (0, 5), (1, 6), (0, 4), (4, 7), (2, 4)], [(0, 1), (1, 2), (0, 4), (2, 4), (0, 1), (1, 1), (4, 4), (1, 1)])
val_loss: 60.40511727078892

arch: ([(0, 5), (1, 2), (0, 5), (1, 7), (1, 7), (0, 3), (2, 4), (0, 4)], [(1, 2), (0, 2), (1, 5), (2, 2), (0, 4), (1, 5), (4, 1), (0, 5)])
val_loss: 59.23240938166312

arch: ([(0, 7), (1, 7), (2, 7), (0, 2), (2, 4), (3, 4), (3, 6), (1, 6)], [(0, 1), (1, 5), (0, 4), (1, 5), (0, 4), (3, 1), (3, 1), (0, 1)])
val_loss: 61.471215351812376

arch: ([(0, 2), (1, 3), (0, 6), (2, 5), (0, 2), (1, 2), (4, 3), (1, 7)], [(1, 5), (0, 1), (1, 4), (0, 1), (3, 1), (1, 5), (2, 2), (4, 1)])
val_loss: 62.51599147121535

arch: ([(0, 5), (1, 5), (1, 7), (2, 4), (1, 7), (0, 7), (3, 4), (1, 4)], [(0, 1), (1, 1), (1, 4), (0, 4), (3, 7), (2, 4), (4, 4), (1, 5)])
val_loss: 61.96162046908315

arch: ([(1, 6), (0, 4), (2, 2), (1, 0), (1, 5), (0, 5), (3, 3), (4, 4)], [(0, 1), (1, 1), (2, 4), (0, 5), (3, 5), (0, 2), (4, 4), (3, 7)])
val_loss: 61.32196162046908

arch: ([(1, 4), (0, 4), (2, 1), (1, 4), (1, 5), (3, 5), (2, 6), (1, 7)], [(0, 2), (1, 5), (1, 1), (0, 5), (2, 1), (3, 7), (4, 4), (2, 1)])
val_loss: 67.76119402985076

arch: ([(0, 4), (1, 4), (0, 6), (1, 4), (3, 2), (1, 6), (1, 7), (2, 3)], [(1, 4), (0, 4), (1, 1), (0, 4), (1, 6), (2, 1), (0, 1), (2, 4)])
val_loss: 62.38805970149254

arch: ([(1, 4), (0, 3), (0, 6), (1, 1), (3, 6), (1, 4), (4, 7), (2, 4)], [(1, 2), (0, 5), (0, 5), (2, 1), (0, 1), (2, 4), (3, 4), (1, 4)])
val_loss: 60.10660980810235

arch: ([(1, 4), (0, 3), (2, 2), (1, 5), (2, 6), (3, 5), (1, 7), (3, 6)], [(1, 1), (0, 2), (2, 5), (1, 1), (2, 4), (1, 2), (4, 4), (0, 7)])
val_loss: 60.59701492537314

arch: ([(0, 4), (1, 6), (2, 5), (1, 4), (3, 4), (2, 5), (4, 4), (3, 5)], [(0, 5), (1, 4), (1, 5), (2, 5), (0, 7), (3, 6), (2, 2), (4, 4)])
val_loss: 69.1684434968017

arch: ([(1, 4), (0, 3), (0, 4), (2, 4), (1, 4), (0, 4), (2, 4), (0, 6)], [(0, 4), (1, 1), (2, 4), (1, 6), (0, 4), (1, 5), (1, 1), (2, 6)])
val_loss: 59.211087420042645

arch: ([(0, 4), (1, 4), (0, 4), (2, 4), (3, 6), (2, 4), (2, 6), (0, 3)], [(0, 4), (1, 5), (0, 6), (1, 1), (1, 6), (3, 4), (3, 5), (4, 1)])
val_loss: 61.87633262260128

arch: ([(1, 4), (0, 6), (2, 5), (1, 6), (3, 6), (2, 1), (4, 4), (1, 5)], [(1, 1), (0, 1), (1, 7), (2, 4), (3, 4), (1, 7), (4, 4), (1, 2)])
val_loss: 65.41577825159914

arch: ([(1, 4), (0, 6), (2, 2), (1, 5), (3, 4), (1, 4), (0, 5), (4, 4)], [(1, 2), (0, 1), (1, 7), (0, 3), (0, 2), (1, 1), (2, 4), (3, 5)])
val_loss: 61.13006396588486

arch: ([(0, 5), (1, 3), (1, 2), (0, 4), (0, 7), (2, 4), (4, 2), (2, 7)], [(0, 4), (1, 1), (1, 2), (2, 1), (0, 1), (3, 1), (4, 1), (3, 4)])
val_loss: 62.921108742004265

arch: ([(1, 4), (0, 4), (2, 3), (0, 4), (0, 4), (1, 7), (4, 5), (3, 4)], [(0, 4), (1, 1), (1, 4), (0, 5), (2, 1), (0, 7), (4, 4), (1, 4)])
val_loss: 61.74840085287847

arch: ([(1, 4), (0, 4), (1, 4), (0, 6), (3, 4), (2, 6), (3, 1), (0, 2)], [(1, 7), (0, 1), (1, 6), (0, 1), (0, 4), (2, 2), (4, 7), (3, 4)])
val_loss: 61.00213219616204

arch: ([(0, 4), (1, 5), (1, 7), (0, 3), (3, 6), (2, 3), (4, 1), (0, 4)], [(1, 1), (0, 5), (1, 1), (0, 2), (0, 4), (3, 4), (4, 4), (3, 1)])
val_loss: 64.30703624733476

arch: ([(0, 6), (1, 2), (0, 7), (1, 1), (1, 5), (0, 2), (3, 2), (2, 4)], [(1, 1), (0, 5), (0, 1), (1, 4), (2, 3), (1, 1), (3, 2), (0, 1)])
val_loss: 57.739872068230284

arch: ([(0, 5), (1, 3), (1, 4), (2, 6), (3, 4), (2, 6), (2, 5), (0, 3)], [(0, 4), (1, 2), (2, 1), (0, 1), (3, 1), (2, 1), (0, 4), (3, 1)])
val_loss: 60.916844349680176

arch: ([(1, 3), (0, 4), (0, 4), (1, 5), (2, 5), (1, 3), (2, 6), (1, 6)], [(0, 1), (1, 4), (1, 1), (0, 4), (0, 1), (2, 1), (1, 5), (3, 4)])
val_loss: 58.656716417910445

arch: ([(0, 3), (1, 2), (1, 4), (0, 4), (2, 7), (0, 7), (0, 3), (3, 6)], [(1, 1), (0, 1), (1, 1), (0, 1), (2, 1), (3, 7), (0, 1), (4, 5)])
val_loss: 54.498933901918974

arch: ([(0, 5), (1, 4), (0, 5), (1, 4), (1, 5), (2, 4), (3, 4), (1, 4)], [(1, 1), (0, 2), (0, 2), (1, 1), (3, 4), (1, 1), (3, 5), (0, 5)])
val_loss: 61.876332622601275

arch: ([(0, 4), (1, 4), (0, 4), (1, 5), (1, 4), (3, 1), (4, 7), (0, 4)], [(0, 1), (1, 1), (2, 6), (1, 4), (0, 1), (3, 1), (1, 4), (4, 1)])
val_loss: 64.136460554371

arch: ([(0, 4), (1, 4), (2, 2), (0, 1), (0, 3), (2, 6), (0, 4), (3, 4)], [(0, 4), (1, 4), (0, 5), (1, 1), (1, 5), (0, 1), (2, 1), (0, 2)])
val_loss: 60.83155650319829

arch: ([(0, 4), (1, 4), (1, 4), (2, 4), (1, 5), (3, 4), (1, 6), (0, 4)], [(0, 1), (1, 2), (1, 1), (0, 5), (3, 1), (2, 4), (0, 4), (4, 5)])
val_loss: 61.108742004264386

arch: ([(1, 5), (0, 6), (1, 6), (0, 5), (1, 4), (3, 5), (0, 4), (2, 4)], [(0, 4), (1, 4), (1, 5), (2, 5), (2, 4), (1, 6), (0, 1), (1, 3)])
val_loss: 60.724946695095944

arch: ([(0, 5), (1, 0), (0, 2), (2, 4), (3, 4), (2, 5), (4, 7), (2, 7)], [(1, 2), (0, 2), (0, 1), (2, 5), (3, 0), (0, 3), (3, 4), (4, 1)])
val_loss: 64.00852878464818

arch: ([(0, 3), (1, 6), (1, 4), (2, 1), (3, 3), (2, 6), (0, 2), (4, 1)], [(0, 4), (1, 2), (2, 7), (1, 6), (1, 6), (3, 4), (3, 5), (0, 1)])
val_loss: 67.07889125799575

arch: ([(0, 7), (1, 4), (0, 1), (2, 4), (1, 2), (3, 3), (0, 5), (4, 2)], [(0, 1), (1, 2), (1, 1), (0, 3), (0, 1), (2, 4), (0, 1), (2, 4)])
val_loss: 60.959488272921114

arch: ([(1, 5), (0, 5), (1, 7), (2, 6), (2, 7), (1, 5), (2, 3), (4, 7)], [(1, 1), (0, 6), (2, 2), (1, 4), (3, 4), (0, 4), (0, 1), (2, 5)])
val_loss: 65.33049040511727

arch: ([(0, 5), (1, 4), (0, 5), (2, 4), (1, 0), (0, 6), (0, 4), (1, 4)], [(0, 7), (1, 4), (1, 1), (0, 5), (1, 2), (0, 4), (2, 4), (4, 6)])
val_loss: 61.06609808102346

arch: ([(0, 7), (1, 3), (2, 5), (0, 3), (2, 4), (0, 2), (0, 4), (4, 4)], [(1, 5), (0, 0), (0, 4), (2, 2), (3, 4), (0, 1), (4, 1), (1, 4)])
val_loss: 60.98081023454158

arch: ([(1, 4), (0, 4), (0, 7), (1, 6), (3, 7), (0, 4), (2, 7), (4, 4)], [(1, 4), (0, 4), (1, 2), (2, 5), (0, 7), (1, 1), (4, 1), (0, 4)])
val_loss: 62.750533049040506

arch: ([(0, 4), (1, 4), (2, 5), (0, 1), (1, 4), (3, 5), (2, 1), (0, 4)], [(1, 1), (0, 5), (0, 1), (2, 4), (1, 7), (0, 1), (2, 1), (1, 1)])
val_loss: 61.30063965884862

arch: ([(1, 5), (0, 4), (2, 4), (0, 4), (2, 7), (3, 1), (1, 4), (2, 3)], [(0, 7), (1, 5), (1, 1), (0, 5), (0, 4), (1, 5), (4, 1), (3, 1)])
val_loss: 64.69083155650318

arch: ([(0, 7), (1, 5), (2, 5), (1, 5), (1, 6), (0, 7), (4, 4), (3, 7)], [(1, 7), (0, 5), (1, 2), (0, 4), (2, 5), (1, 4), (1, 4), (3, 1)])
val_loss: 62.57995735607675

arch: ([(0, 5), (1, 6), (1, 4), (2, 5), (3, 6), (2, 4), (0, 7), (1, 6)], [(1, 5), (0, 5), (2, 4), (0, 2), (0, 1), (3, 6), (0, 1), (4, 4)])
val_loss: 60.66098081023455

arch: ([(0, 3), (1, 6), (2, 4), (0, 2), (2, 4), (1, 4), (0, 4), (1, 3)], [(0, 5), (1, 5), (0, 6), (1, 5), (0, 2), (2, 1), (2, 4), (4, 2)])
val_loss: 58.44349680170576

arch: ([(0, 3), (1, 4), (1, 5), (0, 5), (0, 4), (2, 4), (3, 7), (4, 4)], [(1, 0), (0, 7), (1, 4), (0, 1), (3, 4), (1, 1), (1, 1), (4, 7)])
val_loss: 60.469083155650324
